10000
100 100
2500
0 3 40.0148801251726
0 3 97.44051694818042
0 6 21.879662984645588
0 12 57.684119842136326
0 18 62.66263205867144
0 21 57.200475263145975
0 27 47.583594855048105
0 29 60.53068437506626
0 34 85.12852788174503
0 35 87.35407021374203
0 48 24.274435879350833
0 49 99.6717512684203
0 53 4.30243627101401
0 59 97.44323037781304
0 68 29.77685790369211
0 68 47.844717902850945
0 74 27.464472911450333
0 75 72.41606079885936
0 79 72.02996538748987
0 84 15.965914154903448
0 86 87.81431011967831
0 91 39.5507401001495
0 92 24.35631552854547
0 98 62.08718297637938
1 6 75.13397729853
1 6 67.39692354925421
1 9 92.09353887149166
1 13 86.11950863451581
1 14 37.12994448727191
1 14 72.46437804414971
1 18 14.23325581992556
1 25 58.88639480375024
1 27 37.18717231791617
1 30 6.448344771033843
1 31 57.39038887856409
1 35 52.12477272530083
1 35 83.02641574180454
1 37 25.91475397874008
1 42 14.258698205637543
1 50 52.95288572119383
1 51 82.90629784983014
1 53 64.11304668077436
1 54 99.20249533518192
1 56 73.33822477567624
1 64 25.13062842023683
1 65 16.937334041355022
1 71 4.439112428582059
1 75 36.67698642511259
1 76 21.187710109660006
1 78 33.70298880273115
1 78 84.05046599080856
1 83 55.328742803526396
1 89 32.7957237564064
1 90 87.64923829087965
1 99 77.60551252093609
2 14 72.42966424591279
2 21 51.08549232138431
2 27 36.65444996337972
2 30 12.616543853926032
2 35 53.734753595514604
2 37 57.32594673702225
2 41 19.373886266053898
2 44 75.31458979061205
2 48 48.99355195314632
2 49 17.351154534457702
2 49 41.11861080586052
2 50 59.51461935904343
2 53 90.37619139653026
2 53 86.85503452569625
2 57 84.58707696507521
2 58 97.756378911026
2 67 47.49550609030702
2 71 78.34666320200292
2 71 87.79826538827875
2 78 33.15708171551432
2 78 97.96645895040056
2 80 45.11351252904912
2 90 2.9180037641946877
2 99 48.294001894882285
3 1 49.26666561850197
3 3 32.825772134133004
3 5 98.97736286498504
3 7 26.58881395684518
3 8 84.71576896886215
3 10 96.60696860325235
3 15 13.593507446795616
3 23 3.765275795348
3 32 97.98308200268599
3 39 36.69618596115238
3 45 17.919639537228793
3 46 99.41450956207967
3 48 92.88093591939092
3 51 79.4705901089275
3 57 73.02239099309038
3 64 99.48112151204096
3 66 32.01173487093221
3 67 28.548478266404786
3 68 43.58455882004164
3 74 30.680364607415235
3 74 10.849626985294503
3 75 76.33448887240664
3 83 20.340632428333947
3 84 74.60171499794932
3 91 2.595399580569424
3 94 62.29165079271992
3 94 63.361100565246666
3 96 83.16027124018206
3 97 30.890735325329153
3 99 24.988662568504495
4 0 30.820253696955824
4 8 18.70851749405944
4 15 79.7699191463132
4 19 70.96758558387388
4 20 55.37991165881835
4 22 75.4057281744777
4 24 95.01875361755867
4 31 51.29366931380295
4 31 51.65755083675896
4 41 42.52159641728712
4 44 56.65237803134215
4 51 86.96378872419342
4 57 27.113424103870187
4 61 39.79963003321674
4 63 74.64251624119846
4 64 87.11399393017192
4 72 22.095877547889174
4 75 0.8846019115098303
4 76 49.81956145779169
4 83 10.772559185857467
4 86 82.28906418068682
4 94 57.12545413433474
4 95 54.413693659790965
5 1 61.162383275886526
5 6 64.1991940699258
5 11 34.09902191988121
5 26 31.812097105452388
5 28 0.0919969818654387
5 29 55.919024757500324
5 32 40.218630182712765
5 44 46.81174799133032
5 45 73.31527181352358
5 46 72.09003870796322
5 48 44.873035323105846
5 52 68.52132266912115
5 69 51.495078160978316
5 71 55.5437590653197
5 75 13.657199537556398
5 83 10.636219421498861
5 85 89.71880903030385
5 86 62.174848311730415
5 94 66.34098691074924
5 98 43.23942197277524
6 0 64.54428086510522
6 9 10.067809434000118
6 17 60.13878226612916
6 17 86.37456748394321
6 18 28.713160341008283
6 25 33.853042438032624
6 29 9.726992488134002
6 29 8.546153390412803
6 31 60.21287268877553
6 38 41.98038690603758
6 41 11.443738900621515
6 45 75.52946487390386
6 55 30.49485471708784
6 62 41.66092701368973
6 65 82.1165134669892
6 71 44.86350810803881
6 72 66.48964899445376
6 77 46.30567587305554
6 79 26.116032834759963
6 81 77.86113142559232
6 85 76.99509930916129
6 92 45.14960719219901
7 0 82.67473878441847
7 0 54.219121889771536
7 14 92.48578372234428
7 20 61.68604764105348
7 21 94.84931044052063
7 31 6.704393897680894
7 31 30.510461968351542
7 31 8.892599677883627
7 43 16.393510477841723
7 47 43.654024788276445
7 47 85.44754619295296
7 49 29.521157160563337
7 50 56.45755540527668
7 53 80.98788688100973
7 54 20.209284769025437
7 56 38.971971158856114
7 56 82.27749238273907
7 60 61.56813004537112
7 63 20.206731728092777
7 66 2.5840489619005202
7 66 22.51110680619608
7 72 20.828898105947946
7 78 18.661057428728476
7 83 8.459410893810947
7 93 98.99594792070378
7 95 92.17468562895554
8 1 69.94285158785172
8 3 91.05565506715334
8 5 62.35929151645867
8 10 19.89816710361312
8 11 8.390714199005945
8 15 13.545716567165854
8 24 29.46024389473032
8 25 95.3593805946025
8 26 89.62961075744829
8 29 41.928532299584596
8 31 56.75853242834439
8 32 32.46103632795616
8 33 73.14870326866986
8 35 68.87435898718431
8 35 74.3721358556977
8 49 29.889978728578704
8 49 28.78894965424883
8 52 98.79379778797916
8 54 37.75238987928684
8 60 56.33670237650066
8 68 41.08255888257168
8 69 42.54827252057309
8 70 24.850757397238922
8 72 17.48324043527607
8 72 61.843349876096696
8 78 56.051126942166604
8 83 65.0808620171618
8 89 44.52537911728083
8 92 52.33194219448487
9 7 91.21571641945361
9 8 11.746670296832672
9 11 98.92760469420179
9 13 42.233435447833976
9 13 52.44323907158122
9 14 10.213710815771226
9 15 16.08015408341408
9 15 85.03969787936056
9 19 85.1637834023463
9 20 18.51372736121537
9 22 88.76909973159516
9 27 34.139561896976936
9 31 90.92608246841051
9 32 30.06528652825553
9 34 39.084388782020255
9 34 3.2504591901914237
9 35 39.352144606570036
9 38 93.50969305991379
9 42 78.9341539123568
9 44 61.95768097581984
9 45 93.30449749573393
9 51 39.63782780209464
9 53 13.673146981196837
9 54 76.31495410625328
9 56 31.601284046528644
9 60 13.466437442161627
9 60 50.47305881957729
9 63 5.475124166887202
9 76 55.55287989681317
9 79 79.7440305224584
9 80 51.76871201383657
9 81 87.65737013726063
9 81 36.86361953160058
9 86 97.87607420276063
9 91 5.385708754918861
10 7 54.332143124681465
10 9 32.5003900406815
10 14 63.79783880924981
10 32 44.09218101981374
10 34 74.37681638929902
10 41 21.749237425028454
10 49 76.05137412703864
10 51 49.4090167524178
10 60 56.087375409188866
10 61 7.27784138309755
10 62 52.446058298291256
10 65 23.51402641153144
10 67 61.26872502520471
10 72 10.59225471191343
10 73 24.363477521537114
10 74 51.15200458780036
10 78 56.31043082611229
10 86 9.704683674863679
10 88 95.08272458855585
10 92 79.24626162255204
10 99 52.00646386191436
11 1 2.449466225747088
11 2 54.95359396127946
11 6 4.847943794934095
11 7 62.61592729787782
11 24 65.74663574768726
11 25 20.821933939077077
11 28 75.52684050304468
11 31 64.90940952910316
11 33 15.849010773514483
11 34 87.64742211936345
11 34 14.977603235973703
11 35 2.983287099132692
11 41 75.10103840871443
11 52 49.49458713604986
11 54 83.06771836888014
11 55 20.47192622619618
11 64 52.45285320429844
11 66 58.00058996582811
11 70 82.36885647412551
11 71 51.22719015882935
11 72 25.208877349510583
11 77 19.986819148204304
11 82 41.31029404631437
11 91 99.89726593840996
11 91 84.8165414256785
11 97 84.89281228045284
12 4 41.56066769431204
12 14 43.29199099319831
12 21 51.02585059638369
12 29 32.9767971931592
12 47 68.08476191842385
12 59 32.938633258698346
12 59 86.8718665349832
12 62 74.24118810092591
12 66 91.4415998807204
12 80 37.5918216584987
12 88 24.049413183902967
12 95 93.11536821820496
12 98 85.70205270765537
12 99 15.015098794338977
13 4 82.81428797715861
13 9 88.5344845595835
13 9 20.97759320451944
13 28 81.43803740454365
13 31 44.52099809668708
13 36 68.56944347526807
13 36 18.046072940017723
13 36 27.961590534033597
13 41 96.72962111804617
13 45 86.2105434126344
13 51 65.4398203099742
13 59 51.46578807517612
13 62 22.07057141911999
13 68 27.090308513753314
13 73 26.32813299739587
13 82 15.104256189167554
13 87 63.020603512662056
13 89 80.98211343194843
13 97 5.1225642303253105
14 4 69.77512372538108
14 5 24.29223157911227
14 6 57.81194720733005
14 16 93.74506325261147
14 22 40.45458399704693
14 24 62.95176410394989
14 26 70.50426997609492
14 35 32.08084323003311
14 37 80.6279366074803
14 40 6.961480651868968
14 41 24.297779144374275
14 42 51.57781610554275
14 53 81.16193280616748
14 61 38.72241790408999
14 64 56.678593904742435
14 68 31.06247006646756
14 68 7.971914070309327
14 70 16.25362329371416
14 71 14.994915819724719
14 72 42.594265228344305
14 81 5.901705963440085
14 82 68.90727613708883
14 85 35.15154894093542
14 87 59.47077705535231
14 88 44.382175273787716
14 91 62.280789836677705
14 94 14.411305693145348
14 95 84.70000099388236
15 1 97.3497136196418
15 3 28.286533341168575
15 6 52.82376640762896
15 11 44.28726774042235
15 15 83.16558429127015
15 16 98.51980142045053
15 27 69.57706004964186
15 28 85.62781460750534
15 32 34.834208244359075
15 36 37.93939451135142
15 40 7.209007343971363
15 48 25.37409204344323
15 48 81.57705718609726
15 50 74.93714196286889
15 51 80.27569574505637
15 53 59.070482512083736
15 68 15.681859843079549
15 73 99.34943190286738
15 74 98.18817839291627
15 76 16.107163430584357
15 80 84.96748450842449
15 87 19.023999976433892
15 89 88.4454746484025
15 90 45.282074226978985
15 98 2.619813241423885
15 98 83.14013523812464
16 14 65.0831420812545
16 27 69.03086748955909
16 36 11.49170891650282
16 39 63.7271608099067
16 40 50.31728452893067
16 46 28.69546506869234
16 52 20.77580209345893
16 64 46.303081323774784
16 67 90.75478834404956
16 76 31.917950306409317
16 84 98.91982080709343
16 86 13.428352337516047
16 90 7.981644201041016
16 90 63.390117082829825
16 93 83.30714784443394
16 95 9.668442719769278
16 99 46.71830700087103
17 4 42.46083859036807
17 6 90.86696900099192
17 7 7.509281352531572
17 11 68.30473683032814
17 13 70.20436218000583
17 15 83.86984850066364
17 16 65.67773433460225
17 22 94.73731404289047
17 24 60.215670555337965
17 26 96.50327675878813
17 35 26.855101636117528
17 38 78.70643766491186
17 39 60.493812920334776
17 39 92.44116122008799
17 44 58.503983024990156
17 58 28.049158942538543
17 60 97.47833371683726
17 60 97.41175539384398
17 65 35.82364102675768
17 70 39.031219269950235
17 83 63.53580172757418
17 89 94.08936785286002
17 91 72.11678611493508
17 96 56.57227407061178
17 97 32.61275908497234
18 4 90.54338772446964
18 4 48.682931406548335
18 11 63.443882020801226
18 12 71.70270114043724
18 15 40.364759451372635
18 21 1.2324106937199542
18 26 65.62699984805363
18 32 81.19812847236759
18 33 37.38372511423223
18 36 75.45584080958223
18 38 99.25449697776247
18 42 43.739714337887705
18 45 39.31180503208036
18 47 61.18089959020361
18 47 80.23005239951051
18 50 18.890388184202656
18 53 55.29555279305385
18 56 76.38981924871784
18 65 82.42993747498963
18 68 43.27810935998328
18 68 65.24337714364906
18 79 18.888661841595166
18 82 28.39952349786399
18 82 8.577810652357476
18 86 19.541522897462848
18 89 64.01240121060268
18 95 81.9726949127443
18 97 95.73429988509746
19 2 45.30421827671716
19 3 14.155246237694064
19 3 11.228300858974837
19 8 23.872579338874456
19 9 91.90313193963011
19 11 53.47512540368635
19 14 89.38805993923926
19 40 25.0574002632143
19 44 2.081016016077153
19 53 13.889141075643874
19 60 22.599024400717393
19 64 61.95126817191476
19 67 11.389535829619678
19 69 62.75147365851252
19 69 43.8903802498545
19 70 59.56771490292076
19 70 2.887433869902778
19 85 92.08316806795469
19 89 36.27895776971379
19 90 62.46543279645485
19 92 99.97567102242526
19 94 30.54937783310927
19 96 55.457142511657494
20 3 56.78541226116764
20 7 95.91077366740441
20 10 45.41663357907897
20 15 84.36689102197991
20 26 45.11470819104693
20 27 36.4538332498443
20 28 59.55655452687682
20 30 5.535834503596293
20 34 28.992582884115127
20 36 50.161742112418665
20 37 85.0378000416211
20 62 59.218335334916404
20 64 15.14551301835343
20 67 9.70962647759066
20 79 64.15415239283581
20 83 17.86510204542202
20 93 55.72705665655202
21 7 9.277775397165456
21 13 49.498694158625646
21 16 75.71179715020921
21 18 56.18826788229625
21 19 30.745485819463525
21 28 17.335446732491455
21 34 31.34187756068103
21 38 55.73311866077222
21 38 93.73739635474311
21 38 34.83252591841723
21 38 24.390106366621044
21 39 3.6810202051563268
21 53 32.18440917140324
21 61 93.5875447572595
21 64 75.73271177496134
21 68 61.64367223950418
21 72 96.57073580601883
21 76 95.77924020118832
21 86 62.4369438591351
21 91 79.65066536483383
21 98 10.315201800478068
21 99 60.63317440126084
21 99 64.00664352191245
22 3 19.04735566689513
22 6 63.9150802833304
22 7 32.804530511151576
22 12 75.09559220889066
22 17 6.071389994568599
22 17 26.274196332979805
22 18 63.21156873775804
22 21 57.02744206630843
22 25 62.19096070419388
22 32 73.84140296359085
22 32 18.63407220827311
22 36 29.237510911447416
22 41 68.43016147435954
22 42 4.634372722552338
22 56 99.9131714179234
22 67 41.97282779395519
22 68 25.28632682739751
22 69 92.98953291792871
22 73 43.51698064955831
22 74 25.858292281067442
22 75 6.307410145043413
22 78 79.56383483978011
22 79 56.266610471519044
22 82 30.431540621426343
22 85 21.72359035145057
22 86 37.33538061648798
22 87 9.610783916108257
22 96 37.482232683399474
22 98 25.791317566615078
22 99 33.64738904186757
23 2 75.5730030649102
23 5 92.75406414364475
23 14 72.61973909086994
23 22 78.35861196400806
23 24 60.59820064653412
23 27 81.20413674731472
23 28 74.40914821941848
23 29 77.59724513249873
23 30 77.27728727187568
23 33 4.797952248970727
23 34 97.03362670751284
23 37 49.61427613201466
23 43 36.51728697715231
23 52 0.32900258362611456
23 57 71.08549006612321
23 74 88.53824620134144
23 75 29.056438122217276
23 76 48.37235819458139
23 79 19.48786991846372
23 80 2.8351658443979577
23 86 42.900950421168794
24 2 3.8156771243575083
24 8 22.127557720041025
24 10 32.99545573412175
24 18 46.57872198169137
24 20 85.08361381467944
24 23 75.92439388488197
24 25 88.44462175948449
24 33 39.55793438650841
24 34 71.83638590442581
24 41 0.6005208875157431
24 42 32.36852891041517
24 45 55.911812344198175
24 45 94.56622272584406
24 47 33.04655638922096
24 49 10.391585340253616
24 52 51.17515602793108
24 52 67.8136716958833
24 61 75.0215338238074
24 64 89.08938754734727
24 69 99.9351197120353
24 73 9.261853384010287
24 75 14.325831556082559
24 76 31.780239173250436
24 79 64.01242415943591
24 83 31.767472358699678
24 85 62.52591926945994
24 90 6.817254768408709
24 90 75.69114086919187
24 91 90.34247634464148
24 98 24.05090325472241
24 99 82.02440827031374
25 0 98.23211106316052
25 6 73.30320979012677
25 11 58.43420975710576
25 14 38.29284850126131
25 20 25.724926091155865
25 24 75.22637532708293
25 25 96.88638418883654
25 37 86.54892156406646
25 41 59.438999800352875
25 43 1.1483574188434265
25 44 75.51647359701643
25 51 21.31688533313667
25 61 61.41296929820403
25 62 89.97253207495466
25 66 75.50094326193442
25 69 45.43892769563476
25 77 6.654329158395567
25 80 4.880923217491362
25 83 15.708336087273356
25 87 95.25374680806789
26 3 55.304620070746054
26 4 63.071297532951135
26 6 64.61124348521778
26 9 92.94757475095601
26 11 12.904792682461652
26 12 98.04374719245008
26 16 1.1445557792998606
26 16 19.033972812898714
26 16 81.53473184581355
26 17 29.880342087725744
26 23 45.44135387013952
26 29 20.947685697464657
26 34 23.592342874307736
26 40 58.20836655939101
26 48 32.05817255605184
26 52 65.91121457433809
26 53 91.28941461718969
26 55 55.38946690992621
26 61 97.37017340810627
26 80 18.143113157588363
26 83 46.08442655347662
26 84 27.60566273269316
26 89 79.24781341021547
26 90 64.98471510568598
26 90 77.52049440839512
26 91 83.6263833207907
26 95 31.88590883675806
26 96 11.810501548232711
26 97 92.94114500377009
27 0 46.62505629549383
27 3 43.40316209682706
27 10 39.05567218054
27 12 39.109006379360345
27 13 54.41578546854948
27 18 75.57958027278913
27 20 70.10538290751566
27 21 39.88213644357099
27 25 48.47969392925553
27 27 26.788214144694543
27 29 32.565133204160766
27 30 91.27718066750137
27 31 56.42892747215193
27 38 94.65452237580175
27 41 78.98124332329932
27 42 91.0432309211729
27 51 63.966398294366414
27 53 63.7940338954412
27 56 96.41735712787138
27 58 11.008796786755504
27 60 87.42667449664789
27 61 50.37311739534944
27 61 71.81110888751428
27 64 88.21359875823116
27 72 64.76436073864656
27 83 51.537276245579044
27 86 31.937918510288622
27 90 51.21988271505338
27 93 45.707999082140624
28 0 88.47511606811355
28 2 99.38362473469009
28 8 36.94182648263728
28 9 71.08303206840387
28 18 37.43331178923104
28 18 21.93079440088921
28 19 77.884313390184
28 22 54.98726349531753
28 23 0.7057244386335704
28 26 25.12464885532999
28 30 34.071628155351384
28 33 8.740604320989442
28 34 24.966283797007648
28 34 61.48004003081999
28 37 33.90736542606945
28 54 11.293302412473793
28 59 22.61849514709453
28 62 38.00196307643291
28 62 84.2276334932746
28 68 85.81222576351206
28 70 85.28189829514918
28 71 57.01742625347619
28 72 15.701399422389727
28 72 16.038296913569503
28 76 12.287564024440911
28 82 90.48923838013678
28 82 11.404115305505869
28 84 80.66991943641514
28 85 83.53504276580585
28 93 29.94670745084722
28 95 72.93546244195485
29 1 5.7501348996254364
29 3 46.839621158355115
29 9 55.35179181318064
29 12 79.9052793505939
29 15 68.2220549533969
29 18 86.94619709535054
29 19 58.8533273732647
29 19 51.15367148383025
29 26 76.10716570709299
29 30 23.036983596115657
29 30 79.1427112632118
29 34 21.77134925069506
29 34 61.44329977328762
29 35 34.19969414943027
29 35 93.56980317851202
29 38 68.48482501340615
29 40 58.63374118380198
29 51 53.596857253761264
29 53 13.392984096685879
29 54 63.72296081878967
29 74 56.01394746214097
29 80 33.990869820118405
29 89 96.72745882628762
29 89 1.4381250126499934
30 4 79.41435025284524
30 5 67.11084731337218
30 6 29.07699401462669
30 7 14.665478228377316
30 13 55.564795598644025
30 17 44.68865488131164
30 17 33.18814286994392
30 19 63.49046066080171
30 22 2.407722920575117
30 23 80.81952013172165
30 29 84.7751005782255
30 30 2.7803780884225526
30 32 58.937830400050075
30 40 57.53034005779148
30 40 71.7455460787209
30 48 74.9148194771371
30 55 0.6457061498916117
30 56 89.29935955524762
30 60 48.59649737397067
30 65 78.5353318825054
30 66 52.752499405786594
30 72 60.07444173130136
30 80 51.52214765615872
30 82 49.69605063673927
30 85 61.99848698356825
30 93 23.80902180389921
30 94 58.17643595478774
30 98 28.509652559871522
30 98 32.921456066000296
31 4 75.42040969156827
31 6 48.47865385653871
31 6 80.67737299680051
31 9 1.1123569692086388
31 10 32.58703979698541
31 12 89.0532204503304
31 16 30.48515566851593
31 18 75.97584408946693
31 28 43.88804926870438
31 29 9.57446232364838
31 31 86.18053034930541
31 38 37.612477811894564
31 38 62.319668211158415
31 42 31.65315900339518
31 44 29.001371971443767
31 49 59.91496703430224
31 61 52.59406904160424
31 62 87.51518951798114
31 63 10.402046678674658
31 67 44.82136450549612
31 68 37.48940974573367
31 73 46.28394381560466
31 78 27.879188920932595
31 82 40.42801723823561
31 83 85.98834687175571
31 86 17.22756194951596
31 89 51.748659457259436
31 95 20.551724012805963
32 5 1.0249298081532077
32 9 54.07228178895318
32 10 44.66605451284094
32 11 31.867994302626613
32 20 60.581302414173344
32 24 76.17476796312128
32 25 8.76691376094847
32 29 41.25552701088089
32 31 24.909450268872146
32 33 64.70167205819266
32 35 13.053287949326787
32 35 69.7367993232368
32 38 51.508637768993125
32 46 81.99125472544766
32 48 78.59352709907515
32 49 91.47451851858348
32 55 25.71708743645864
32 57 97.52449058680419
32 62 48.67324300500633
32 67 32.3766788719881
32 71 92.24060813861452
32 76 72.69150227733412
32 79 54.21540829736031
32 81 69.58078381748282
32 91 56.398751233398905
32 92 84.8950433841369
32 92 42.94746907075451
32 95 76.16899486731441
32 95 13.16230920871828
32 97 28.276203684457492
32 99 95.04696573932196
33 4 47.828378009457474
33 11 19.513505449733447
33 11 45.810249365744696
33 12 28.27352298739676
33 28 82.38391642859409
33 30 38.086574993533226
33 40 73.26838424800755
33 42 61.386223443100405
33 45 13.728344760146882
33 48 20.07078053316762
33 50 57.23104798992298
33 52 42.13221939164844
33 54 52.736965958379
33 57 35.43371700316364
33 61 51.14370064434295
33 61 11.655495611122802
33 68 23.371777017540317
33 71 78.23006106583527
33 73 86.90098753668482
33 74 99.78131153416705
33 78 24.109383101009406
33 78 26.448868192611428
33 78 4.0079425299209825
33 81 99.96882049179514
33 85 40.56395181845494
33 90 43.030915423614346
33 95 35.90784045333657
33 98 66.19384324792246
33 98 30.47635414103871
34 18 46.155846123569866
34 20 1.1073282993280031
34 25 78.12468848973637
34 27 68.63059631558556
34 28 35.85961210831734
34 35 93.72877989589287
34 35 0.1511341844935732
34 35 14.889253923777757
34 35 20.74920208058275
34 36 1.885163817683111
34 38 26.47151322004495
34 44 53.18122729337658
34 45 10.723533531391261
34 45 59.358712466107335
34 47 47.13658491711248
34 50 57.91247475160832
34 55 55.46312747009192
34 55 53.89365609241501
34 67 75.89884071077347
34 69 29.38928225929116
34 75 40.008890536560806
34 75 48.00126405440315
34 77 57.35468920359572
34 80 4.121596985078302
34 84 73.08773074718945
34 95 32.261335114091324
34 95 6.863900920384602
34 96 76.91820142297614
34 99 87.80162666373845
35 3 1.0361471097330321
35 17 96.17627268153149
35 19 1.4910509802334104
35 20 41.29112995250777
35 21 63.83583314587482
35 21 8.830767643073955
35 32 7.727683873273583
35 33 78.8609358401754
35 35 10.130716774001547
35 44 5.225946292458339
35 51 80.73179825174913
35 59 61.23594490627979
35 65 90.02928848515712
35 69 1.9164432907225804
35 74 0.1506554722077169
35 74 52.555577569707545
35 75 27.645860519666776
35 88 64.69849483944489
35 92 3.297838553563359
36 8 85.47061160711584
36 10 1.6460681424544266
36 13 68.69773656974385
36 25 47.21479886890343
36 27 49.33338644625762
36 30 64.518078717114
36 34 49.05120684433464
36 39 45.68882351016654
36 44 58.231743887659036
36 49 31.505029261602857
36 52 77.35141651405075
36 58 23.630880906793305
36 63 33.676918338537874
36 64 16.27832443332402
36 65 57.05549000818109
36 65 49.18223057491809
36 72 91.3252836695503
36 77 19.24316482100061
36 85 1.464408920670457
36 90 54.99462156556489
36 92 43.68735402765738
37 1 69.8386541817305
37 2 68.6260197922
37 8 65.2747133609797
37 10 44.442334343233924
37 10 45.518233667540706
37 13 41.11321168098536
37 14 81.28267121855022
37 17 16.142730531919526
37 19 62.73454366488931
37 25 60.731941683649396
37 29 76.66570916914539
37 31 6.121420897947427
37 31 51.681217007567156
37 36 77.14368080766445
37 38 42.767433078930004
37 43 2.7817036029234687
37 46 76.84719385445007
37 50 9.474441704673087
37 55 68.42481486201689
37 58 73.40665222477418
37 67 82.71833801119651
37 71 90.88470940796411
37 72 87.10859095032745
37 75 12.13464151517869
37 81 46.94565281980396
37 82 52.71017802252496
37 87 49.974405718334936
37 90 30.685400639731554
37 96 38.89552300376062
38 2 5.578260611535124
38 12 84.92331034497181
38 12 78.32129640989514
38 22 40.29598525746787
38 26 36.99852818918505
38 31 66.74305919823162
38 32 40.66108877229018
38 36 92.77136110182562
38 37 53.095933599652966
38 50 74.89588702689385
38 51 47.825439013696716
38 54 38.2593576673951
38 55 43.360561252837826
38 58 88.16328155018498
38 67 98.83290768340316
38 68 27.36025500093875
38 70 79.92426282914215
38 73 14.517092695407175
38 74 62.25246503617636
38 77 31.573771908530567
38 97 95.50115389252727
39 4 37.58823938497133
39 6 63.564262911408754
39 10 0.7526218788036498
39 16 75.66809126300824
39 17 55.171546433532434
39 19 85.52923855974927
39 22 47.695374606964
39 23 78.77213464918486
39 25 18.90157559179526
39 29 70.67015901287745
39 33 4.054549155075016
39 37 64.4796087591537
39 51 33.911813619260165
39 55 37.93490602886776
39 56 68.08466141957848
39 58 56.433336482655406
39 59 40.959472411171106
39 65 44.078096615344094
39 68 67.32655050063426
39 74 39.69545036158011
39 74 27.21188777526715
39 75 49.18374829495817
39 76 32.74004410031177
39 82 23.006111976215536
39 89 65.6601091749158
39 89 87.55957341740167
39 90 96.38736797944007
39 97 35.296449281139374
39 97 55.86229669200269
40 0 74.16941921405507
40 3 74.83843347542442
40 8 61.4299765112063
40 9 83.23211250214968
40 10 98.12082683145672
40 11 82.18928156604355
40 11 77.37619626847545
40 14 23.547070527359935
40 19 44.35202637982434
40 20 73.71933378081206
40 21 91.73776778173574
40 23 65.22601733555791
40 27 98.78448081854484
40 28 77.56936446144285
40 28 6.287923410672569
40 29 76.60779873221746
40 31 30.21810629245618
40 32 72.46262493669788
40 35 50.88731870283161
40 40 39.100234430699324
40 43 50.723750570736925
40 47 50.93962638694249
40 49 22.409702879495352
40 55 14.170350791709897
40 60 22.823045012962993
40 67 45.93593771136069
40 71 60.01541957668559
40 75 4.746909984727288
40 75 81.53343764976549
40 77 8.163329495335425
40 80 30.417178806552727
40 87 39.157353224168354
40 94 4.131443134298851
41 8 74.02491281396455
41 11 1.1810715244436443
41 12 52.46648553100306
41 15 90.02942641116898
41 23 89.51038951003424
41 25 21.70117038720887
41 35 94.86002633133906
41 48 87.78520771392142
41 56 85.47230048129218
41 63 19.401526196364017
41 64 61.849836426587544
41 69 9.018776531562022
41 72 28.803165002294495
41 73 29.372484931608867
41 73 33.7411940692042
41 73 96.46169108417118
41 80 13.274199049493497
41 90 90.92708107175164
41 90 50.883221692113146
41 92 43.60458742424112
41 94 68.05846942020315
42 9 22.925487896973262
42 11 75.43395390411911
42 17 40.80180119842716
42 19 93.60720629951338
42 28 19.23290576016261
42 32 63.75817795872214
42 39 76.63597820564172
42 42 5.627429869590106
42 47 87.1325467517937
42 47 90.90454566902599
42 59 60.36922258199009
42 62 86.67929393916494
42 67 21.979450871692773
42 70 12.858628909027715
42 76 97.1329967913834
42 76 60.608174905555344
42 76 27.910553323300526
42 80 74.55870057868648
42 82 69.53657925952494
42 89 93.39199542790033
42 91 77.11528839378741
42 93 91.66917136719654
42 93 54.61856170165979
43 1 83.84323986608157
43 11 52.683698717566244
43 11 68.80585859899013
43 13 42.69576352738505
43 27 88.82822787023848
43 27 46.21043644394223
43 34 91.2529081168459
43 40 48.69884797006962
43 54 34.852954530586075
43 58 93.63505939635208
43 62 67.05118892552524
43 64 23.267387554824225
43 65 26.84018080010029
43 66 15.276479648125951
43 73 3.365145402844072
43 74 86.5710861999188
43 74 9.139976199163357
43 74 45.243771476955416
43 79 32.280372828682616
43 90 93.18155534282806
44 3 30.011060428616165
44 5 99.4577587996818
44 9 78.5481415099355
44 16 23.30829356539219
44 17 95.32572823270546
44 19 13.20483437950739
44 27 41.9059797543249
44 48 33.6833043232035
44 50 5.31353934500558
44 56 12.108111281868506
44 58 80.90557053938493
44 65 62.40249017741439
44 65 36.542993998358185
44 82 7.243271968728782
44 84 51.26040181199365
44 94 37.3497471033935
45 0 79.65874336784815
45 3 60.7142078795607
45 7 14.319971324984614
45 14 31.78594140821165
45 16 21.421592349562847
45 20 95.45414094775586
45 25 2.801778344675343
45 40 4.892946051606817
45 45 15.776719534578444
45 46 79.5691705654449
45 53 9.768603880959791
45 54 77.7848031846294
45 62 95.45381210710366
45 65 25.594956534470438
45 72 77.13332218003282
45 72 73.42750379442874
45 77 67.23902345026107
45 86 34.1459750570154
45 92 77.88845747002043
45 93 36.94687794252434
45 94 61.655343781589586
45 94 72.39364671696116
45 98 72.89273989897713
46 0 79.90109589600694
46 9 84.61893456273009
46 13 93.30457119569262
46 15 35.921442731425365
46 18 51.58680510113041
46 24 48.73041181288491
46 25 11.156990082332662
46 26 49.51146009561882
46 34 63.72185360222724
46 38 62.17852287512553
46 43 27.258078655898068
46 44 42.06114335217179
46 47 6.869293160896306
46 53 70.43506256793357
46 57 82.32209940525696
46 58 34.77366843640324
46 60 70.16392127408457
46 63 61.462536983785455
46 64 0.7730458697744247
46 65 1.7832140085782822
46 66 85.88787341446698
46 73 20.353018952161683
46 80 47.74971915237756
46 81 6.601568597968077
46 91 66.78880707149754
46 96 96.28230883360986
46 97 29.521343446031945
46 98 70.2160861677571
46 99 48.36138425792005
47 3 53.08544589306259
47 8 58.32879512343152
47 8 33.23449163414982
47 14 63.21271885380586
47 15 51.63156800491495
47 17 17.970293552089633
47 17 56.07591689536551
47 31 74.14178291700662
47 32 2.08482963605241
47 33 63.88867565539922
47 35 72.24121809477879
47 40 79.83439999245512
47 42 45.14236929335278
47 42 80.20432996443918
47 43 41.06237573950842
47 44 1.6563184053372204
47 50 18.035803308712328
47 53 10.91761493431218
47 55 79.78247669222273
47 58 44.99104764738513
47 61 70.71111580014954
47 62 48.15948739005675
47 64 49.35336873532539
47 68 13.83194877811571
47 69 85.17562228695866
47 70 44.36871690624251
47 70 33.74697685427559
47 72 54.68606107628764
47 75 4.34971692915147
47 77 86.98716620978604
47 80 72.74667096827956
47 80 57.01301277443531
47 89 65.31520175071238
47 96 89.11631607723005
48 5 68.38760222219716
48 15 44.27852806645469
48 20 21.354693155242032
48 21 97.39414091224991
48 25 95.71039452204401
48 29 51.50463235123315
48 31 81.52515871520323
48 34 16.831827903257988
48 38 82.72796630871746
48 55 38.44364393137003
48 60 5.3921213316719285
48 62 94.7222609627006
48 65 70.56351714825443
48 66 75.11994944190464
48 68 29.399771942568886
48 81 63.95736978167466
48 82 64.798057673056
48 86 79.18469202086965
48 93 22.491446966640982
48 94 58.763600683890814
49 18 13.762681998695815
49 24 33.13477135577787
49 24 35.5219376511865
49 24 72.54189233440232
49 26 92.6889638689738
49 27 33.763282581165896
49 36 51.60089309002929
49 39 14.835038711376058
49 41 69.87350760240855
49 44 3.31244489984297
49 57 0.2955546709792811
49 59 30.206735659111207
49 64 29.911012574786653
49 68 88.4926339766472
49 75 46.01083739248286
49 80 7.412012083988029
49 83 39.91733553562364
49 87 37.66332863374422
49 90 67.80602013166413
49 94 80.11862341548512
49 94 81.14230931664063
49 96 67.68254243534425
49 98 77.50488828048606
49 99 37.68908841315544
50 2 83.95046607584024
50 10 85.50550057337345
50 15 89.40344217274061
50 22 68.9795617770495
50 27 1.48603649453789
50 43 1.5511864636680528
50 51 36.60484997408695
50 54 73.13501498839656
50 57 2.753377941955626
50 62 32.335428077071995
50 65 38.90300144572198
50 67 48.65630081772054
50 67 74.29980725602738
50 82 99.27966200134031
50 84 20.468335493042677
50 85 80.65790641919351
50 86 98.06919872715957
50 90 84.80446033405018
50 91 38.91507438822206
51 1 1.9212664951146374
51 6 66.7307872135897
51 10 29.965064923563055
51 21 4.355844528542363
51 22 65.57742482114995
51 24 98.04962014373868
51 26 88.37052744163418
51 26 93.81710519252493
51 35 69.44848784826145
51 36 35.888165368815514
51 42 24.671671903476412
51 42 69.09203971943015
51 46 73.27970626791584
51 49 18.713352952751805
51 49 4.855214874050273
51 60 88.43277658758495
51 66 85.73684633128924
51 66 68.29101478182787
51 66 59.27232170403944
51 67 94.0113645443619
51 68 38.75081906425817
51 70 72.94501719995974
51 73 1.9373922156749934
51 74 65.60143968678278
51 79 50.714454473719314
51 83 11.945573201417382
51 83 1.9833244896609648
51 84 38.41129805026602
51 85 20.623915460639353
51 89 76.25345756105968
52 0 47.63774855082694
52 1 39.902495062932154
52 8 62.79107568988967
52 14 47.442708666288105
52 17 87.845221578017
52 18 77.07614216754683
52 21 51.54030378036596
52 22 84.5518637427083
52 25 55.03534415728446
52 31 86.21363680439637
52 34 58.51950977742029
52 45 89.52717880466048
52 46 4.480659691640421
52 48 67.75261559304981
52 50 90.33373462488726
52 50 13.312758795749446
52 55 13.522412436923048
52 66 97.48300122952736
52 68 85.09685920843997
52 69 92.1889405911709
52 72 22.775805319066666
52 85 46.753277425928495
52 85 12.220588360560436
52 86 42.7305723578459
52 87 66.0322880677672
52 91 3.530244762909529
52 92 81.31574057983897
52 95 97.8141729885586
52 98 67.57603665329101
53 4 14.567323384793273
53 23 85.97320900669297
53 23 97.51935367100903
53 35 28.95711178068334
53 37 83.86327323296547
53 39 96.14654903904638
53 42 71.10683108532434
53 45 70.37308555994169
53 48 0.019537901817034964
53 50 67.31021011103418
53 50 64.46548315969713
53 57 0.32260555529421975
53 58 76.8223148612426
53 63 82.90188310600249
53 65 41.180256353968915
53 66 98.89709791711661
53 70 21.186554909558453
53 71 12.152745008239574
53 78 69.98019153636854
53 78 83.31938488354112
53 80 80.88251976216489
53 80 63.07674525101121
53 82 42.42215411892509
53 85 51.54241108327391
53 98 32.55192229683965
54 0 13.403948307866997
54 1 32.34462575666362
54 8 14.530929897787503
54 16 51.327110943200196
54 24 78.8537082283393
54 25 60.25612729429979
54 25 98.67657683022246
54 26 61.11872592173935
54 26 78.3187866388668
54 35 85.41148955341569
54 36 39.981063600351916
54 38 73.77243422275706
54 41 68.37211015391141
54 56 22.00504821003817
54 61 93.52570759004446
54 62 57.85183607160829
54 64 85.94570116466949
54 76 63.11964907057539
54 80 4.92030729936459
54 81 59.34757951413643
54 82 99.62361608501035
54 87 96.32238877741885
54 90 27.411963140138027
54 91 87.3859255652313
54 97 80.47732996070151
55 5 73.30467970549512
55 7 78.83314291433616
55 9 73.90155984863685
55 10 14.137824796841825
55 18 57.88154847203364
55 20 47.794315247391594
55 25 38.17609169996285
55 45 27.66277486608939
55 47 55.58170655071197
55 50 66.06469931340916
55 52 71.46031549602232
55 54 33.21267739973539
55 61 2.129400889682276
55 62 82.73516875057727
55 75 44.14605199939441
55 79 67.51018667987208
55 90 19.7993081065571
55 93 0.8477613566001407
56 0 33.768198123282886
56 2 20.267243970664417
56 7 58.97307445038362
56 11 33.5901957873685
56 16 58.68865479526888
56 24 55.023373786038036
56 26 48.09084754848407
56 31 40.83742688475394
56 33 75.30989766251001
56 39 18.451641158972865
56 41 73.29821885605993
56 45 39.7862017816933
56 45 17.90511348860997
56 52 93.2124006748304
56 56 97.49830849143825
56 58 78.90820268267976
56 59 96.21907471396216
56 59 39.288538510679594
56 60 11.426283001095673
56 62 43.6374813701216
56 77 98.59816626423678
56 85 31.450094114379333
56 85 87.77477340671147
56 88 18.495695172734706
56 91 79.56571188835413
56 94 19.63872091080523
56 97 72.9428866492331
57 3 50.514413165312156
57 6 85.94558682601642
57 10 88.09472808339933
57 10 32.62663923360763
57 13 66.16640220021462
57 16 41.63733532052838
57 30 61.399677454024705
57 31 48.214490996041114
57 34 88.29504436602451
57 34 91.210760358517
57 40 11.57195449157198
57 42 6.390034343195672
57 50 41.6698869902989
57 58 11.438049375104598
57 59 13.748599911305392
57 62 97.24918353132213
57 63 59.36458857466622
57 74 39.92634169246203
57 76 90.40071627877508
57 78 64.80129955356047
57 84 23.142605316086005
57 92 11.113243069211043
57 94 59.01783635037114
57 99 72.86044162713455
58 3 12.883314477040608
58 5 17.27749963537468
58 12 21.80732542647954
58 17 1.8322675644642628
58 21 4.814215119114218
58 23 66.0000564243665
58 38 29.092118080004337
58 39 72.82698491389309
58 39 73.86414173858446
58 43 99.26713741072261
58 44 7.88519311568181
58 47 87.45844587850054
58 54 39.73587152533038
58 55 96.21392397517438
58 58 77.32562247790074
58 64 69.56016429864005
58 67 53.00204521327818
58 68 94.89887701611426
58 71 41.6172299761824
58 72 73.62299651772615
58 81 81.43176533776017
58 91 60.79373240988042
59 24 28.382192633055993
59 26 88.36010985183911
59 38 24.269888083744995
59 40 11.414395401143839
59 46 11.934173053820164
59 57 62.2133326894168
59 62 33.939794455540294
59 63 93.33970343178004
59 78 78.18178638476239
59 84 76.16565835191271
59 85 33.506740408552794
59 87 67.61103767796376
59 90 84.04615711416984
59 93 62.14467183247005
59 94 0.268917023103743
60 6 4.766637426585718
60 6 5.985087397097999
60 13 92.02141285566678
60 14 17.364842623631425
60 17 60.564412774607646
60 19 26.126002202897425
60 19 37.546548781597025
60 21 4.274352181944074
60 26 46.3975867202318
60 32 42.312629624922906
60 32 67.44951474987462
60 33 82.40753554528659
60 40 37.81221643163484
60 41 65.21593737371367
60 47 61.35212767922451
60 54 7.393552492145439
60 57 18.665613273320638
60 58 75.54793117709255
60 59 3.940737789863058
60 61 17.353417486555255
60 66 43.739096794508
60 70 86.2178268892392
60 72 61.45140823157922
60 75 25.266290929376268
60 75 77.93709782949898
60 87 10.825829191295666
60 87 35.66190144495085
60 98 32.68193239972889
60 99 90.44324770493253
60 99 46.62405338346909
61 3 84.1725737953996
61 3 30.78826482295267
61 3 59.40815274167404
61 5 82.19409294933664
61 10 10.167212684232506
61 11 73.43972014304092
61 11 91.13973878228173
61 12 22.20163969574058
61 13 26.3973711448523
61 21 27.427624739733126
61 25 0.8673770394647118
61 34 85.87911277998077
61 47 94.59703065321108
61 51 46.16462477824861
61 56 6.894755538799768
61 62 11.395169719592824
61 64 27.177435107022685
61 67 97.74719231600373
61 69 68.99265783867656
61 72 40.49712728666104
61 74 14.014744792236655
61 80 93.10177261820279
61 81 80.80998338791541
61 85 98.86345539190675
61 96 95.54433367046282
61 97 65.98381768253311
61 98 49.91055871325758
62 0 12.73410923897309
62 19 10.401314907900172
62 22 50.11015123098912
62 23 41.70911246574154
62 31 8.272920291104358
62 32 23.124310789506563
62 34 27.481419507380167
62 41 28.35173295362221
62 45 31.363651060594467
62 48 63.39395347093151
62 53 54.9523187322043
62 59 93.11182321680687
62 67 76.10858454947413
62 71 24.53795862484831
62 71 55.816610455186556
62 72 87.88171734343406
62 75 14.858585255835743
62 75 55.854391264330225
62 83 60.97562207145488
62 85 20.73559098545481
62 85 5.722848132914815
62 90 47.842407871279
62 93 12.48488940502661
62 94 38.431563237713306
62 95 38.730814400420876
62 97 48.599971558239204
63 2 19.143481118004303
63 2 59.29576389385937
63 3 17.63244303038809
63 6 89.51255491670793
63 18 54.9832715900608
63 21 95.70806490480874
63 34 4.247390658369832
63 34 23.840245959172556
63 36 60.77721586312914
63 52 11.404898421568909
63 53 11.007287712051529
63 58 86.8029345314277
63 72 47.074811189665766
63 73 28.722683515674042
63 73 7.970321702213123
63 80 7.685869877714446
63 86 85.48836281190997
63 90 92.75040216985751
63 91 61.09502125688972
63 92 72.8809587698167
64 2 18.969948023842974
64 5 87.02630358937817
64 5 79.35715196542657
64 19 62.535419505787225
64 20 69.9453013736224
64 23 0.9826373393812426
64 35 5.905484561684715
64 35 74.51278283220451
64 35 51.81685078545124
64 37 47.63354661541419
64 38 40.784641322949014
64 38 7.968614357210879
64 39 82.47173524712458
64 39 92.56865123282158
64 51 11.874023011881384
64 51 98.64373043594381
64 54 95.43343621307766
64 57 34.006230643554346
64 58 46.791962159804214
64 61 85.95211391882948
64 64 61.33141050063653
64 66 28.343501691506965
64 72 49.12629594101614
64 72 21.358098525963022
64 80 68.79629930326989
64 89 36.23035092238644
64 92 75.55016912632726
64 95 71.87049269742407
64 95 95.87194492783755
64 98 87.89962231029551
65 8 57.29618294844949
65 10 61.45875605682225
65 22 85.44613460967949
65 25 30.03292881586088
65 27 99.90508690541029
65 29 19.636926829511413
65 30 96.35666687473675
65 35 54.30090996451082
65 39 44.48976152360802
65 41 62.667720638517956
65 41 29.838317693476046
65 42 91.22622176470188
65 42 78.47203029794262
65 44 86.70942819788917
65 45 71.25249420087516
65 46 22.40493171255369
65 49 97.68904608518862
65 49 82.20748942331635
65 49 5.823836808120397
65 50 13.605320932851539
65 55 59.668120621514895
65 57 66.2305307720792
65 64 86.15524616736496
65 67 54.49931034415878
65 69 58.2721300194543
65 69 15.415658806275111
65 71 95.45973416592713
65 71 57.81276848072392
65 72 20.87276167324554
65 82 99.08545646677096
65 84 33.823718567816094
65 87 99.23104905722882
65 87 71.49494812965844
65 98 41.46589270546317
66 0 6.79560564624464
66 2 89.788035101157
66 9 71.07684783002341
66 12 34.50302865915895
66 22 77.33545698584032
66 22 48.99861732251627
66 24 29.87663564461931
66 24 98.92943390396427
66 48 28.35441347582963
66 59 68.97010213947077
66 59 54.20729760470859
66 67 92.5349974378846
66 72 3.110743601443966
66 74 19.462837546833534
66 77 54.453395648289835
66 91 94.44307910043523
66 95 87.20160161699452
66 96 21.69422406166244
66 96 88.89146743697054
66 96 52.036557781065376
67 10 54.721155483067704
67 11 30.137467176547418
67 15 68.78093730086914
67 16 16.209968048073755
67 22 69.7746533331939
67 38 61.03740122908299
67 39 72.48340176880907
67 46 27.928121231939727
67 50 78.8199650830827
67 51 71.63706567475307
67 53 34.340828012865245
67 57 63.872308889665
67 60 73.34939894138846
67 73 1.1135229333459895
67 75 53.80498044334874
67 76 52.84029138262751
67 79 38.26861416503089
67 80 75.96637756888649
67 88 72.89369058283368
67 91 80.60970971373058
67 94 17.59269764452094
68 1 14.261240861819457
68 3 79.62660100597734
68 10 36.97278400714754
68 10 57.855631690786424
68 15 77.54953213262452
68 16 95.83855188791976
68 20 74.23246082230645
68 21 31.369802695376524
68 22 12.71338116934906
68 26 36.66231265654307
68 28 28.098042362563614
68 32 71.72397768821756
68 33 83.39146587948017
68 37 88.72186005294161
68 47 78.75551125413995
68 51 51.6304691305502
68 52 51.8049560285464
68 65 7.720280651667211
68 67 63.335378542820074
68 80 58.84448247108212
68 85 18.34050843450261
68 90 72.92983467980139
68 94 9.565964560095797
68 98 91.93516670362523
69 0 13.158924207841483
69 7 78.00217127438276
69 18 58.36653765084354
69 21 16.5178856744161
69 22 20.48058785248841
69 30 32.47027009174177
69 32 86.86157761897739
69 32 80.86233352830672
69 35 81.58107090007837
69 39 18.090569665504
69 41 11.933169009149847
69 46 42.89708937779746
69 47 70.41648015927153
69 54 56.769641247058075
69 54 41.47355933282078
69 55 92.34667793076754
69 65 90.73714000307855
69 78 22.752824521053338
69 92 97.5104289273184
69 98 49.65774056123657
70 9 88.4513169614708
70 9 53.535486939459645
70 16 84.17526848449846
70 18 87.77007447359576
70 26 98.44452204140369
70 30 39.813561737528815
70 34 57.45777484474905
70 34 7.8385113978719945
70 35 1.727055523078258
70 36 43.75504965447708
70 43 89.00667694157416
70 46 81.7890890939494
70 47 53.8656981392418
70 48 40.45543263307909
70 55 55.90008141356064
70 57 97.44691662758729
70 57 44.76530938747605
70 59 8.751812352634335
70 63 92.25208748558866
70 66 21.77529539841283
70 70 70.57191968153984
70 70 41.709165925558686
70 76 54.11235083775774
70 87 48.05830904738182
71 5 64.79603195466706
71 5 74.01161233747496
71 6 86.77274469759486
71 7 9.366639819103906
71 9 40.837511803035696
71 9 73.81234259463112
71 12 80.70228502874359
71 13 46.475611797867614
71 14 28.52150006093437
71 16 97.87590974863079
71 16 9.619707198512838
71 18 51.6495956600995
71 19 57.47640228192545
71 23 80.39485781673852
71 38 70.03347159459526
71 41 46.73423368309901
71 50 28.252154521713436
71 51 91.66773379872537
71 53 29.133706726236184
71 53 31.373863545416537
71 54 56.061300114465105
71 55 8.025719894660522
71 58 73.37718910217916
71 66 45.88796389028471
71 66 27.002636893919195
71 66 51.849432094203365
71 68 56.9147657472866
71 68 52.10613745488071
71 79 75.75987254893508
71 80 86.10089604551725
71 83 37.74484412807222
71 85 34.20688178753333
71 86 32.816639522092885
71 94 78.58194776979053
71 95 35.10743505828273
71 99 17.9729032691055
72 12 68.73170381031149
72 15 11.594015991037242
72 16 47.76406181986354
72 19 9.163589636919479
72 19 43.78126838267542
72 24 81.15429033004385
72 24 90.24137712149172
72 30 62.31278667869229
72 32 30.499723389446242
72 33 8.380698869071201
72 41 8.973071212665506
72 42 36.72785211088234
72 43 31.88433079875366
72 44 3.03836833044433
72 52 47.88371647622236
72 52 62.599582900506114
72 53 95.74082845537492
72 67 53.579695350651214
72 68 89.03585617401637
72 70 27.678040233416823
72 70 90.88210928356297
72 74 25.48228836615596
72 77 94.50492323105854
72 77 79.8229776664656
72 80 73.53291255261733
72 82 60.046481544655194
72 83 94.31088705235342
72 87 16.899579082366856
72 92 27.374447327213325
73 14 32.13060853331597
73 20 25.091770132676384
73 24 81.00368149932187
73 25 87.40483694850181
73 27 98.79925255127687
73 30 66.75307005531653
73 40 37.27589307742283
73 42 71.99641956863996
73 43 49.14246388518355
73 45 49.48429720498802
73 56 31.678980475374562
73 63 96.34637757928621
73 68 37.03559992519061
73 71 87.110946499604
73 71 33.45100845843027
73 78 65.15024700560976
73 87 31.063224935303868
73 92 73.82424980618534
73 93 30.754138412976317
74 4 28.623950461461977
74 8 12.532789037762203
74 10 20.004136375540394
74 15 66.69084068392405
74 16 2.076620668832474
74 19 87.95156988878352
74 21 10.66508973406648
74 22 6.859881637372456
74 22 61.570085316290225
74 24 86.29029240732196
74 24 90.22830291039159
74 24 95.95344609837184
74 25 62.554483048891974
74 27 42.74066189923511
74 30 73.05446011833034
74 32 91.39337541793975
74 39 7.983407962745392
74 42 46.62781521492833
74 44 39.720495418538036
74 47 13.153885541753386
74 49 69.05473999568352
74 50 28.3949430407721
74 51 90.53717678607237
74 54 96.11465648963711
74 55 87.587554993217
74 58 14.596343711042103
74 60 78.76589214028446
74 64 77.22077220372789
74 69 77.04118244074856
74 70 76.88195478628923
74 72 82.53565839969801
74 81 10.717576257053697
74 86 78.7227709760725
74 87 19.307462174184508
74 88 55.13013392861099
74 90 14.098900444668994
74 94 73.11440652286501
74 94 85.20900702187866
74 97 11.2152140621961
75 0 81.48357950476002
75 6 21.552990640324253
75 11 42.48718858845606
75 12 15.500828967469271
75 18 64.64327920293785
75 21 93.32631950879713
75 21 76.08706015783811
75 29 96.47884955355546
75 38 45.772133370194126
75 42 70.05182651285982
75 45 27.243339424177492
75 47 10.061641122652976
75 54 33.35315135871628
75 62 12.935763053749326
75 65 6.427937400833605
75 67 47.89328686819094
75 69 43.76662969736651
75 73 75.0919070535883
75 80 6.081128258456325
75 86 13.74157964696845
75 86 34.332183489346725
75 94 23.305345093702012
76 0 59.67011892268796
76 8 55.66666543233103
76 11 3.036950328137711
76 12 32.57611460696126
76 14 94.58092549717634
76 16 79.21188029184543
76 20 94.448018149162
76 32 22.24040817261517
76 36 93.48365600080788
76 36 49.647794787801615
76 37 49.52523548918988
76 38 7.541402670871067
76 40 60.3416704403257
76 40 51.97909065097988
76 52 63.60145687532497
76 53 75.30917297255957
76 60 93.03156985738939
76 72 3.768806933096558
76 73 37.54508640989722
76 84 1.9114386067853761
76 85 5.792499526246364
76 90 96.0142594678089
77 18 94.4309961391951
77 19 73.59011509305947
77 25 83.9776077585268
77 36 95.79486160962884
77 36 67.86546953815818
77 38 11.528572222698251
77 42 20.807488250695737
77 43 84.93325053763886
77 43 6.02174579989172
77 43 3.949017927122922
77 47 67.37754425267579
77 61 4.760758104535245
77 63 30.88314721671821
77 64 38.46478470017016
77 70 44.76577060289932
77 74 82.33350116201912
77 78 7.6989545842265805
77 81 77.62368679749696
77 81 29.48832948350184
77 85 79.17828365768433
77 89 3.0908602392768048
78 1 2.5950289065357124
78 1 54.23539018352494
78 3 54.944340001935046
78 8 19.226538249120793
78 20 36.15766355760093
78 27 76.03507411952899
78 30 55.38998893790388
78 30 68.70223479738375
78 32 37.15692513240019
78 32 31.625363746568436
78 33 35.7235882347525
78 38 37.28767586913349
78 51 80.9406936896954
78 51 26.552439166050277
78 58 65.67432829643927
78 62 99.68689269731217
78 63 26.02467728056359
78 66 57.383965753839284
78 67 17.528215524783384
78 69 51.59555658288719
78 70 67.40973971086734
78 71 74.8635978940921
78 71 99.06782514120817
78 74 2.250342851115117
78 83 93.0381296966
78 84 28.878847876630864
78 94 87.06296571076354
78 97 13.03803998015316
79 2 74.8485617735505
79 7 6.49571164670677
79 7 67.25568122686292
79 19 75.76964162898159
79 20 1.349401340895695
79 20 48.75537778239902
79 21 81.32610528289032
79 31 22.81746559504039
79 37 75.26608015502202
79 38 10.65632931677387
79 45 61.68980774397737
79 48 14.164943427769439
79 48 24.696309038551334
79 51 31.56130428339976
79 51 92.44211474616448
79 53 86.87083257300637
79 58 6.573001007059909
79 61 41.02735811722147
79 67 16.926816631929565
79 79 52.23459627593214
79 80 33.987418571431235
79 80 2.02629591658956
79 81 57.34800739697003
79 93 91.31078523496056
79 94 21.060431610566212
79 95 29.76964065875618
79 98 48.20691701690476
79 99 61.26248456725176
80 6 47.506685815051284
80 19 12.738154790137134
80 21 23.338243388290692
80 32 13.803562517662172
80 32 86.75587485754279
80 40 23.403186919388787
80 42 96.48713272303293
80 48 79.03290372229365
80 49 89.90067636518069
80 57 93.4403979777906
80 60 36.949682786725035
80 63 1.825146835484337
80 64 63.10754756338943
80 65 20.451609699078823
80 66 32.63970870661692
80 67 29.20114004866914
80 71 92.72323357784569
80 72 97.71127169373541
80 81 95.91523307069782
80 84 93.14582314792294
80 85 33.79535975408743
80 88 30.19777986408263
80 91 83.76636439989711
81 13 26.86190268902657
81 15 57.9696594065938
81 16 47.95447139944338
81 21 73.15365387129329
81 24 51.90834301605116
81 25 15.218540651932821
81 29 83.20044618889912
81 30 1.5056683440488605
81 39 31.414758904159502
81 40 74.70378913468696
81 47 47.77240529566136
81 48 62.255706854284654
81 53 84.02300548006552
81 53 65.0968909073059
81 54 86.84176814986753
81 61 24.930458610299432
81 62 1.09335538002302
81 62 25.553467197057934
81 74 40.849328366781855
81 75 81.19455279258372
81 76 50.501544276253064
81 80 57.48518169071377
81 82 93.43540571447232
81 84 37.43684701117249
81 85 87.20459689139332
81 86 10.061848459951372
81 90 17.662669475755564
81 96 60.21621988975063
81 99 50.989814712950476
82 7 94.85436922629896
82 11 23.416900151738606
82 16 79.59189648077141
82 16 19.638810014384454
82 18 72.97101462641746
82 23 38.51274904525517
82 31 46.53422783814616
82 37 68.44995177042907
82 38 21.765333468443025
82 40 22.599274552236537
82 42 91.51593842053514
82 44 8.507510515975492
82 45 46.90737544105625
82 53 93.29254278486323
82 56 68.71356872968465
82 60 28.23675887679422
82 60 59.00908545503831
82 62 98.25052874640635
82 63 20.341316235488428
82 66 59.48518373018161
82 71 54.038046965614875
82 72 33.04927616401962
82 73 62.6977182782632
82 76 15.024902731756939
82 76 63.14724343791136
83 0 56.83276976467289
83 4 94.44992756281363
83 11 34.67871622178607
83 12 92.50016389252724
83 21 93.62955158293688
83 23 30.833657281598327
83 25 53.52836981222189
83 26 71.3720578241418
83 34 26.988682584306357
83 35 31.40963165750272
83 42 50.89283266896996
83 45 50.32867352757264
83 58 17.71425513559852
83 62 52.2404289837862
83 82 87.39261466683266
83 86 53.390830938765
83 91 19.54137159054923
83 98 84.91122674445728
84 0 78.19532303908707
84 3 45.157809671061244
84 4 43.436249966055485
84 9 53.76649230356516
84 12 63.48326604131669
84 13 12.925778080002083
84 27 33.04872238839429
84 27 17.297145070399587
84 38 51.775469732238186
84 43 42.39227595212631
84 45 79.90628934228823
84 51 15.961318999737717
84 53 52.532194110736484
84 56 25.235475494400504
84 60 86.45852290037021
84 60 4.072097374867667
84 65 12.108676856755562
84 67 24.647858938469327
84 69 65.07880463745693
84 80 74.3945915498178
84 83 93.5493817591637
84 84 79.5271845774348
84 85 53.907436414491784
85 3 31.40457288676628
85 4 88.36287501848356
85 15 51.92617744123533
85 15 6.47233580807538
85 19 58.19796918229709
85 22 35.79415957918541
85 24 19.328627854946312
85 27 12.091797728171084
85 31 57.2308075221333
85 33 42.22352373958642
85 33 60.01920811071992
85 39 57.79957969994993
85 40 52.59290018830116
85 45 72.8774556376429
85 46 5.845208648301847
85 48 93.08495861708441
85 52 93.80132761383142
85 57 56.83241896982458
85 60 1.2989075796297156
85 69 75.54826332973722
85 77 74.6319013940129
85 81 18.18521297586655
85 84 41.69064049346724
85 84 86.815772336552
85 88 29.7364883806392
85 92 28.669470430843337
85 99 97.1405131898299
85 99 44.36378873665194
86 1 96.7683336721195
86 2 69.45937171687837
86 4 11.954853632318517
86 8 51.54060478072893
86 9 4.040059539929053
86 15 45.254105735360525
86 27 73.9151734030147
86 34 14.738591745351947
86 38 5.355807454376049
86 42 18.27077411345288
86 48 14.106971361150155
86 48 18.36270764037906
86 57 9.427527702436688
86 57 96.34102255579582
86 61 7.327989509048716
86 64 44.25277759350345
86 64 27.704206057722082
86 66 18.85747037390557
86 69 98.00827015329567
86 69 81.73561475542841
86 72 53.621732423165234
86 76 53.92730916444213
86 80 49.6200494442361
86 84 23.2910543154772
86 85 99.69973544733183
86 92 23.454511688714664
86 93 92.79332004784347
86 95 14.784481427166195
86 99 78.20612097190876
87 18 49.483033269760554
87 18 51.062456388823584
87 19 48.70217657191598
87 38 60.93632102683093
87 46 3.8958153825650044
87 47 66.98664655463828
87 49 14.678663275166471
87 54 21.48049309561484
87 62 34.78832357277328
87 67 56.53407440206224
87 69 24.238794253675678
87 70 72.10422547307098
87 80 53.17991496922991
87 80 75.11455924809533
87 87 44.61983973869825
88 7 44.98551492465521
88 14 25.560063318421555
88 23 14.309406032126892
88 25 84.59741437162988
88 31 49.19221195626251
88 33 41.17005900583066
88 35 19.47991289293023
88 35 86.66320328533799
88 37 52.73160956681651
88 41 96.95883337298778
88 49 26.842222885817748
88 52 44.03478017762181
88 55 60.71870284262393
88 58 91.54120226860954
88 64 71.35814355310958
88 65 60.55290539456162
88 70 19.393591768360775
88 70 21.73270464291228
88 80 3.189243648549489
88 80 80.6832895671418
88 84 85.04686278891396
88 85 42.00448170438327
88 85 0.47399067459685806
88 88 30.62056670943736
88 95 10.617638227073844
89 1 84.55232676744893
89 4 63.41361168492683
89 5 18.447968471988684
89 7 87.0078108761178
89 20 12.997900761098101
89 22 41.881772422123966
89 29 69.9856891018784
89 32 94.67672442985197
89 34 37.48869814657885
89 37 11.315603208841818
89 38 30.708739633643933
89 44 81.48647870867553
89 45 92.48566024541994
89 48 16.465469668140553
89 49 4.688305657922465
89 50 56.80669506430749
89 56 40.37387435911748
89 56 19.91600125466921
89 63 17.707865377675326
89 69 3.365974028274099
89 69 35.107517862146544
89 76 33.266382962606336
89 79 47.10681847309739
89 83 3.667941489688409
89 85 18.172932484864713
89 85 13.012351053584247
89 87 32.56007917918468
89 94 2.684212539003572
89 97 58.6060946135381
90 2 32.643779955006444
90 2 79.1210908178634
90 4 18.976519896621813
90 8 18.084476885841184
90 14 10.639737035624798
90 16 16.372465108616694
90 25 98.71490423685243
90 26 28.284536497861247
90 26 58.984783197055044
90 36 47.74263802134351
90 42 88.72200751597173
90 52 59.41916654070734
90 55 23.741881254706932
90 60 19.334701401593858
90 65 35.221351202640115
90 69 28.643048573850983
90 76 3.9776698261564825
90 78 87.11451289950259
90 82 0.34228810533132314
90 85 72.85031702818084
90 92 86.92753140754148
90 96 14.962616234407644
90 99 31.993738128552685
91 2 53.732531090962986
91 18 57.477644596564126
91 20 1.2324674429053495
91 20 91.6868711197428
91 22 69.3008111285651
91 22 92.06984304371187
91 22 79.57415696698189
91 23 81.44915125213572
91 25 69.42869545391372
91 39 8.255977618233379
91 40 29.582128236799555
91 46 81.4514435181598
91 48 44.69349253789123
91 53 94.31145880286414
91 55 74.47275945824848
91 62 16.894154144457897
91 63 39.52938536058368
91 65 82.33553903704298
91 68 54.05539048621297
91 75 62.443491392138206
91 77 9.30993828188036
91 84 2.6907231425960854
91 85 33.28080652699923
91 87 63.31829525136787
91 87 6.095984236305729
91 99 70.15770250898086
92 2 94.36627751060496
92 12 25.80834260815483
92 13 86.50703523198868
92 13 6.746683652520158
92 13 68.56974811921582
92 22 61.63721436805305
92 26 92.0664698863928
92 33 14.421696779597571
92 33 99.02513346423747
92 36 51.428558906886735
92 39 85.4549209052411
92 40 32.19802202000081
92 43 37.76852952317229
92 48 49.074744288050695
92 55 1.3589072914500289
92 57 84.94588915551469
92 61 23.782137772038837
92 63 7.462052823125531
92 65 11.352495427584742
92 70 1.7282052282275862
92 71 30.00828134960043
92 73 24.748950437200268
92 74 69.21979056900709
92 76 38.4840762046506
92 77 81.94439383077075
92 83 89.95170436508305
92 83 14.066256428924383
92 84 23.580253136622066
92 93 18.295242484970075
92 96 49.481205672438946
93 2 2.8977386225659485
93 10 27.304895991560585
93 14 85.13612836714964
93 18 45.83146222512977
93 22 46.5078548968765
93 35 19.78512519976199
93 36 75.07176922715111
93 40 32.43952819150107
93 41 44.93058821187861
93 43 81.3784517716946
93 45 97.00954538322712
93 45 66.55628910468761
93 45 95.68326994426113
93 51 8.330982918295415
93 54 75.95170408394848
93 67 87.90216014715608
93 73 18.689209020202767
93 74 58.247397577345936
93 75 44.6457190975698
93 80 73.67836965601427
93 86 17.353774569662363
93 88 34.69769159137655
93 91 66.38837595090878
94 3 76.09383118643893
94 4 77.41060523220315
94 9 60.55478397619933
94 12 71.05942196851389
94 20 90.43476737362946
94 20 35.4753806677986
94 29 39.84130466003404
94 37 87.74810370097683
94 47 54.955673490378246
94 48 96.5730485772784
94 52 87.98851266489724
94 61 65.55199379882677
94 67 36.95334207730099
94 71 99.24498473817603
94 83 42.17064742156455
94 85 93.03625559632087
94 86 51.632614963566084
94 93 3.258730096353979
94 97 52.537972306825445
94 98 65.5264935541166
95 0 45.85027110158508
95 3 63.747303138451095
95 13 10.207436041354455
95 14 25.463587849509928
95 16 56.50852074175574
95 26 12.278195100495882
95 27 58.47103779113267
95 33 72.48145455974924
95 38 6.577128500772722
95 40 66.18756290703473
95 44 4.693657592788725
95 47 29.558238694056627
95 50 3.9989527744694664
95 51 44.96214402735019
95 52 83.27531382395759
95 55 51.668274233852294
95 74 20.548874081448165
95 78 48.00458298675454
95 80 1.5258459075727426
95 82 10.929122460573716
95 83 69.64710464524092
95 86 44.854395047764584
95 87 13.60708516726472
95 87 27.42044238579988
95 93 93.83671227329432
95 93 31.12218738253054
95 95 20.807197191296154
96 1 67.97835058511772
96 3 5.916332592380624
96 5 36.61311450210283
96 11 5.86895813877748
96 12 85.57999193084326
96 13 55.8899921471983
96 13 53.593759090118034
96 20 87.78674765876815
96 23 88.99346813024161
96 31 96.6343685929833
96 32 52.15263989497512
96 33 81.62559800834859
96 34 30.24381267002485
96 42 54.00704228538624
96 43 70.61997411159162
96 51 14.327911993870224
96 55 66.26050265198047
96 62 74.82386716594375
96 65 58.99789072422381
96 70 19.885139989572288
96 70 81.43672438068539
96 71 81.79977614259451
96 72 60.140357499367326
96 75 55.55672322091936
96 85 61.15833152663128
96 89 59.79057004392192
96 91 46.08858119440819
96 96 36.15615747163454
97 2 76.15133815125527
97 9 87.16539378909127
97 9 75.08361552641372
97 11 8.409404075331928
97 11 54.78307494304006
97 28 57.99721652033587
97 29 46.80809682828746
97 29 13.371045282605753
97 32 57.05920728150193
97 36 15.70554434494531
97 37 10.001272052891807
97 38 50.53107862169737
97 42 52.144433149123316
97 50 62.169407641496896
97 52 18.18707366168486
97 54 3.009241269536145
97 60 75.38599525591083
97 62 15.713029429592229
97 72 64.21793579856327
97 84 50.40099174406123
97 85 25.98970385250212
97 86 18.570101813938567
97 87 34.22481184847142
97 88 8.873463294194783
97 90 72.09822715803841
97 92 48.315899740469284
97 93 65.39247655949654
98 3 81.08741314964398
98 3 48.50934218420877
98 5 48.517269513289875
98 8 31.379982600786537
98 10 97.84851209301499
98 13 42.77670030343403
98 15 65.53770840656293
98 18 76.7739487822666
98 19 73.78345057901214
98 20 94.28515697406156
98 21 65.18131997840622
98 36 56.3729428228678
98 45 54.22076010270449
98 50 83.65346992648992
98 50 98.16613821490088
98 53 99.64416677869804
98 64 71.5342394214529
98 68 58.44377101289211
98 73 27.04039823391231
98 74 11.735467472101057
98 85 86.42345650450349
98 97 90.76284068459124
98 98 56.86234934566321
99 3 7.948265991191561
99 11 85.24433639860199
99 15 60.12210024666007
99 15 34.2354714945998
99 25 60.16942434476569
99 29 46.12282234353528
99 31 81.2384651065856
99 31 8.858772782586
99 34 96.548847129603
99 34 77.31848271946109
99 37 6.936079979588539
99 40 83.99101800400372
99 53 81.14145663218201
99 64 16.14558037095639
99 65 62.79445850040381
99 67 76.28807523581158
99 70 85.25555806019973
99 81 59.03664509205211
99 83 55.37780111456152
99 89 62.19554564284344
99 98 49.97156254693698
