100
2000 2000
400
3 207 43.64938090034289
8 177 61.21441775387038
11 1633 75.52849137088529
21 1189 78.44070579073255
23 1718 54.76497806655216
24 136 17.1839621635282
27 39 2.79327638701794
29 1925 31.79921678758031
32 792 99.72149869997709
36 314 93.06471518905795
41 1504 12.996064336545343
45 1649 96.1324587869059
47 1698 18.27506952637481
56 1370 89.9616158645588
61 1728 77.05595640612472
67 974 28.83143712898002
77 855 65.53643659735799
79 745 86.90903834870754
79 1732 32.25980426605004
87 133 0.1973045359955572
87 1303 88.61233363960199
95 423 13.43246810320693
98 401 86.38390167272503
108 128 12.424028033223289
109 1962 43.96610882393692
117 371 35.97405536585825
126 1808 71.29711216437684
128 1754 90.88769072150234
132 772 78.46786654080833
138 1640 22.075521606832638
151 1409 65.17236240939206
151 1527 40.164264573306355
157 1586 95.16842572840459
161 390 70.93599528292404
163 469 53.70949067069499
166 1449 18.74715700686991
169 1459 97.29148552277726
175 1365 27.57529011799398
184 611 83.86616182173911
190 250 56.25332185580307
192 1723 39.97352879593441
195 1295 25.70259557667647
201 173 14.955284149903282
211 1216 31.30653875932845
212 278 58.129938527258986
212 873 27.84258367771446
227 1786 21.235571054571434
231 1381 29.414235335031115
232 1061 53.92161682645338
233 1814 28.11246747707945
238 245 56.88880162865868
247 476 18.263543229063785
257 1 28.202276348240595
257 1804 93.06220010790676
262 1537 33.94204022714129
266 419 13.075962236185124
281 1536 23.366747584624868
286 1068 13.676709656766018
287 229 29.922562346153605
299 268 70.8057843832159
300 1586 18.211826823330092
301 1973 24.234782349293283
307 1874 63.02868620538684
317 35 61.99237598746519
317 1254 40.96501920946596
319 48 80.36773071940948
321 69 49.75692474367741
321 1202 81.54434412934646
322 666 50.72889317368758
327 1198 86.37985501209667
333 1767 13.532637537155345
335 1680 53.719406778231885
341 1299 80.456987024461
345 1980 29.00349626033045
347 1604 56.467180772284166
347 1687 12.624655470609692
352 1806 46.59353184902746
352 1839 60.80995043370585
354 577 28.840377058060152
355 1353 28.99164902144844
356 368 62.320490044080465
358 40 68.1889000558161
359 34 0.40385925501362774
364 807 96.73334054096455
364 1419 67.70451321941823
368 991 38.48687649020073
371 1510 98.62618531659501
376 134 37.562063399255166
377 1880 36.174948347140614
378 504 41.53677349492089
379 76 97.45930114462462
380 906 82.5506877142138
389 795 91.51055507034296
402 1657 58.17860902555785
415 177 30.707948515513795
418 1564 15.75942540684161
423 1194 74.64889371541486
431 1548 15.146348982274382
431 1865 42.46678004645752
455 650 3.3012197068949867
459 1190 74.15403274085173
462 1820 10.166618610918366
463 1997 60.00348764016403
466 374 79.88370474741342
472 1007 62.22688126370706
474 769 28.97114847411637
488 624 60.01838334914487
490 1155 20.33490961604423
495 1581 81.08307396474565
499 1495 2.685576977243742
508 1943 31.16902068323735
519 1704 63.805737904830664
521 1734 15.247925756926328
532 453 98.99484531046052
533 1048 42.25782967011615
536 1158 54.86581756294437
538 238 64.95585426604909
549 1534 51.80196793060175
556 1615 38.07593476579434
560 1380 68.78809067955503
571 1437 25.41389093562787
575 1653 78.4245052741522
580 714 0.2160795801477544
604 350 58.4339732393341
611 632 21.138729557861957
624 738 83.78226492079794
625 1692 23.41179490588221
625 1963 31.289934892937943
626 1450 32.80355606337684
633 137 25.035285974350163
633 665 49.85291341187023
634 250 44.88418120054929
634 679 14.535106878769088
635 346 84.35366949912333
640 170 51.2790891990381
643 1351 69.17996771176973
652 432 12.683466292577261
658 1574 56.479049368983425
664 1154 2.4402827305472607
678 1706 15.716453108843687
684 1679 81.22671016377157
688 1613 77.88397454482609
689 930 3.8950103728843333
692 338 77.23103419359667
692 522 67.15914838122295
692 1685 0.7018871060078702
693 1426 90.51660343576702
697 294 99.33304203229333
698 770 15.590347170445051
704 734 55.78648498210599
706 95 52.51472965763584
708 97 60.810968905215155
713 526 25.337855189698754
715 254 86.11034934252709
717 86 52.62040898310738
720 1555 84.39973906975095
732 39 68.75243078777244
737 983 27.944795974680737
740 602 72.41440613807437
742 136 44.88150163549574
742 331 99.0915719811324
746 149 29.099238236943805
747 1886 65.35751864051606
760 604 39.713398068372086
763 508 96.33017583012902
769 85 22.96823646726349
769 1950 25.162277894578278
772 1176 16.8586477325956
780 801 78.47460273292657
795 1897 34.97271307343688
796 1212 32.90006709342417
802 737 89.53393538385662
808 1524 95.21288088940072
809 1614 49.612222150319354
811 241 60.47886479250866
811 1265 14.346061766211937
814 773 4.900491526391471
817 1438 82.00037485928992
818 1823 2.6507321497964753
824 164 7.774811217757249
829 1804 62.953986788372475
831 1401 70.0900484988305
840 1399 68.9274002287108
842 1113 47.4625898916408
850 1467 45.099051503814394
857 596 80.19339949075032
857 615 63.57807524799204
862 667 37.38909236786625
864 1753 97.3953064317614
871 1411 48.46976582019686
873 1386 83.52255874497143
874 1130 54.58689280513936
889 458 67.02834223165407
900 247 17.967918579899656
911 93 95.0096791446182
913 1091 78.15151472034998
914 1510 22.45144309427831
914 1893 16.482599702048862
918 1151 61.57483436906463
920 1033 98.93289863520951
937 535 49.57769226270254
939 274 69.10916472565111
944 1858 56.48287560504646
953 16 53.518592703030876
968 6 99.95605363630726
971 781 20.488824516876548
974 1821 17.019125732070872
976 1636 63.323951445996606
981 67 16.113416687489913
984 906 32.63870894527932
989 1366 36.69561806718753
990 1571 69.86638331955857
993 1644 16.11542128610328
994 288 87.99316561762768
996 627 24.56799825877387
1000 1640 29.54032544026859
1001 783 37.9842701010126
1013 1121 82.19246698341134
1020 1522 84.2975925527641
1020 1892 57.972239178509824
1021 1252 84.86892363203349
1022 918 36.18107641974832
1047 1622 81.48859260457071
1055 1061 18.599464716520785
1059 312 98.93957810026568
1060 1897 80.99180134258926
1063 1552 34.00938630062491
1073 1565 33.258713228407544
1079 117 41.087090041609706
1081 63 88.23585974744874
1082 186 21.30039538217958
1082 686 98.64322104468688
1082 1620 4.0762342366118975
1088 1693 94.27496952390449
1099 1313 62.138840367347804
1103 536 50.11902300140028
1105 212 39.603483080998615
1113 1703 6.237630330915667
1120 908 16.22160462287876
1127 224 95.35999861129135
1140 375 91.04136568401383
1144 614 63.813537325767086
1159 425 76.20481704384055
1159 1508 34.87398681371528
1166 1705 62.91501438818976
1171 623 38.87917667902621
1173 1702 48.452522784568956
1179 105 7.30995581451146
1180 328 14.407773029607762
1182 1196 2.8391484677357415
1187 307 13.1541200462721
1194 587 20.519315050768693
1200 1753 9.80159495087214
1202 1595 76.7349907137447
1212 165 56.74964335063992
1217 899 15.84838333000722
1221 177 44.87320148346079
1222 129 26.873919746459606
1227 1530 10.629001536427563
1230 1029 25.753228352992565
1234 1765 18.995610469712652
1238 132 17.769403901135217
1246 1001 11.261272592936011
1250 1923 9.439722360521753
1266 375 37.13528872911935
1269 600 85.65066108005377
1275 1431 7.52545629194179
1280 1010 61.813422879838576
1285 841 99.70203861667495
1288 1622 19.627766003959657
1292 518 5.893122040091758
1292 1175 29.602259061557245
1302 399 11.534911770559164
1303 637 7.495354323583747
1320 1113 35.00024671382589
1320 1389 23.674060613250724
1326 901 39.99141132332922
1328 319 99.69922890342121
1329 1258 4.555976420501562
1334 963 32.68162617848982
1334 979 28.42552211570939
1336 341 97.29676813575536
1342 746 76.64767729357946
1349 1244 54.73640858393496
1350 1749 62.25763467743499
1360 701 95.82089198366575
1360 940 74.00706312829446
1373 1908 75.30414588862746
1377 1404 87.89826496187294
1378 956 75.59899145437214
1378 1932 47.874358181482265
1398 251 80.07516107547632
1412 1084 43.37482829667645
1414 1293 55.32396571537104
1422 1538 99.55900367619486
1439 124 36.98276176528839
1442 751 97.60068810068894
1443 417 15.321334200449833
1458 799 24.191592681457163
1460 688 33.1587041751801
1466 233 10.338100613311486
1469 510 93.02592368244096
1473 1848 77.1192500987048
1480 1674 70.70550761156409
1484 930 51.670876770530924
1494 1927 87.27011189712155
1504 435 41.21875309371858
1520 12 92.64819836600952
1524 1005 75.06952898344979
1525 272 49.33516531705888
1542 1672 25.901166407648347
1544 954 88.8149781457124
1546 1892 5.113246789809667
1548 723 34.38991021948692
1549 1673 76.55961306700215
1552 1951 76.00600709815211
1568 267 90.53667845597822
1577 477 87.29227984073435
1577 1436 38.61142531635551
1595 1307 69.62895212152236
1600 851 81.30841777246285
1601 176 30.24590718227005
1602 1784 93.177149062763
1606 1607 17.902459840196716
1607 1392 98.35631270970725
1608 1520 11.658633625179714
1612 107 95.60052414173923
1622 1309 66.48740479914022
1624 206 37.52524505945913
1626 1984 36.0688501255573
1629 1642 47.36751894966687
1635 116 85.38688445510967
1636 1750 44.62092236177067
1636 1914 50.6673293743809
1640 1692 66.72234090125728
1641 453 78.74235071034636
1649 1758 96.1269350801345
1654 1244 72.12026064259634
1662 1440 61.15680860050654
1663 516 39.84106719108749
1664 299 17.317007440867705
1680 892 48.967896050837226
1682 1485 43.1039455888552
1704 1039 65.48829044277457
1704 1640 71.0132091285283
1707 214 55.40987608165866
1707 710 53.114354961597286
1711 1486 87.47588074101425
1713 1328 87.44527914425488
1720 1142 61.98841113301388
1720 1547 28.18122292516343
1721 766 80.03335532981919
1727 412 46.05581295144867
1729 1203 43.82821579872249
1740 1182 10.73280957285656
1748 1644 77.78635968126808
1757 1426 81.31693041624975
1758 1014 58.08741992510122
1766 1289 9.977309343300188
1766 1674 27.414911353140624
1767 776 92.51573597872948
1773 1206 82.04700549162894
1783 955 41.24801119329331
1786 1240 64.0536648034339
1795 7 21.838662904506112
1801 1425 33.6646917336016
1812 1557 48.80289269147
1813 1101 52.38065584501983
1815 321 59.38648402206073
1817 43 31.851574619480584
1826 917 83.840588203904
1831 665 45.23834942616585
1832 1182 26.328614290870323
1835 744 8.873541797934115
1841 1864 8.107257720798211
1842 1039 92.96070947983107
1852 1395 31.422198563510072
1857 602 88.44069553395406
1857 1226 46.42333593369792
1873 1384 69.62046534078401
1876 1575 77.05844625708875
1880 1590 56.03895404946646
1882 1019 55.03329031387811
1901 785 83.4160065089705
1902 1665 37.25554319021476
1911 1884 99.21117986022519
1912 1843 61.8515670992805
1915 721 14.489263874917224
1916 1965 99.28591180943916
1925 1857 77.77045798381926
1927 1532 35.06795667721065
1928 1153 99.88705640729208
1937 86 64.71997067198767
1940 128 55.018715757430535
1953 1323 3.3502740755152693
1953 1915 38.051991831570334
1970 89 10.406338327715115
1983 1568 51.6102634839464
1990 642 44.503782570642805
1994 1835 71.09477090229312
